5,206570,13
5,247490,12
5,211440,13
5,239880,14
5,211890,10
5,200420,12
5,244030,12
5,195150,9
5,230690,14
5,245440,11
5,224840,13
5,231090,12
5,228830,12
5,242050,11
5,198930,13
5,186680,12
5,165180,12
5,218340,10
5,247220,13
5,249940,9
5,204190,10
5,230520,15
5,213380,10
5,231280,10
5,223730,12
5,244830,13
5,205240,13
5,207440,13
5,218480,11
5,189180,12
10,211180,13
10,244190,12
10,213480,14
10,246120,13
10,217330,11
10,238090,13
10,230630,15
10,236030,11
10,218580,14
10,249080,13
10,220820,12
10,222840,13
10,245730,14
10,246490,15
10,243340,13
10,181790,12
10,232540,12
10,245130,14
10,247140,12
10,208970,15
10,249230,13
10,219840,12
10,238180,14
10,179840,13
10,245980,14
10,222130,14
10,248590,12
10,249780,13
10,206580,12
10,201480,14
15,241820,15
15,249090,12
15,239380,15
15,214970,15
15,241620,15
15,246780,14
15,237080,14
15,237290,13
15,221090,13
15,247030,14
15,213620,14
15,244980,14
15,184680,13
15,232920,14
15,248130,13
15,249090,12
15,247190,15
15,207620,15
15,193390,13
15,222080,13
15,248020,15
15,243340,13
15,249940,11
15,222980,15
15,218220,14
15,231220,14
15,228180,14
15,215980,16
15,223980,15
15,239190,14
20,168740,13
20,233620,15
20,245840,12
20,237820,15
20,222080,13
20,245990,14
20,249990,11
20,220730,15
20,230980,14
20,237880,15
20,242230,13
20,242330,15
20,229080,14
20,248180,13
20,248630,14
20,249080,13
20,231970,13
20,248240,13
20,247230,14
20,198680,12
20,246380,15
20,239390,13
20,229640,12
20,247990,13
20,219830,12
20,247880,14
20,233440,12
20,197320,14
20,229390,13
20,249940,13
25,249940,12
25,218740,13
25,239490,14
25,248840,14
25,244220,14
25,249750,14
25,249940,8
25,248520,15
25,249950,11
25,237970,15
25,246480,15
25,247580,15
25,247590,15
25,246440,13
25,243830,16
25,249870,14
25,220880,15
25,239130,15
25,243790,13
25,244980,15
25,242180,14
25,237030,14
25,247070,13
25,245880,14
25,212840,15
25,224480,13
25,231340,13
25,246480,13
25,243750,13
25,246980,14
30,246530,15
30,242380,14
30,249870,15
30,237820,14
30,245930,14
30,247980,16
30,229380,14
30,245980,14
30,235380,15
30,244480,14
30,232470,14
30,249680,15
30,247970,14
30,242730,15
30,227580,13
30,226980,15
30,249970,13
30,248290,15
30,248870,14
30,247230,14
30,235540,12
30,243980,15
30,228220,14
30,249930,13
30,231500,14
30,249940,12
30,242570,13
30,237870,15
30,245230,16
30,234240,14
35,249980,12
35,249970,14
35,249040,15
35,249970,15
35,249330,15
35,247870,15
35,237080,14
35,244970,14
35,199980,14
35,249390,15
35,249990,10
35,199540,12
35,243930,14
35,239780,14
35,249880,12
35,246670,14
35,249580,14
35,248970,14
35,239930,15
35,226390,14
35,239120,15
35,243120,15
35,245870,15
35,249930,11
35,239320,14
35,249900,10
35,249900,9
35,246180,15
35,238880,14
35,213570,14
40,238640,14
40,247220,14
40,249980,11
40,227340,12
40,237480,15
40,249240,14
40,195620,14
40,249950,11
40,220330,15
40,240320,14
40,248770,15
40,249370,15
40,216480,15
40,249900,10
40,239870,15
40,249990,13
40,204490,14
40,243490,15
40,249920,12
40,249990,10
40,249130,14
40,236080,14
40,247780,15
40,248400,14
40,241470,15
40,249480,14
40,231280,15
40,246380,16
40,249940,13
40,249980,8
45,249940,12
45,176830,14
45,244630,15
45,229220,15
45,249980,12
45,228880,15
45,249970,13
45,246530,16
45,249980,14
45,249130,15
45,222730,14
45,244500,15
45,249980,10
45,241080,15
45,249990,13
45,249930,12
45,249940,12
45,244990,14
45,243090,15
45,226070,14
45,249950,9
45,247090,15
45,239570,14
45,235480,14
45,249990,14
45,243530,15
45,244790,13
45,248240,14
45,249970,11
45,249940,9
50,247980,16
50,245870,14
50,245480,15
50,240590,15
50,243480,15
50,249990,13
50,249470,15
50,247780,13
50,242980,14
50,240590,15
50,245730,15
50,237580,16
50,242030,16
50,241420,13
50,249520,14
50,230080,13
50,244520,15
50,223480,14
50,235980,16
50,238130,15
50,218380,15
50,241740,14
50,249090,14
50,237130,15
50,247640,15
50,243620,13
50,248030,16
50,246980,15
50,249950,11
50,249980,7
55,249950,12
55,249990,9
55,249940,12
55,249950,10
55,239970,15
55,222030,15
55,241530,14
55,242470,15
55,235580,14
55,236590,15
55,247090,15
55,236330,15
55,215570,15
55,242020,15
55,249970,15
55,249930,12
55,249930,11
55,243880,15
55,249940,12
55,246870,15
55,249900,10
55,240480,13
55,236270,15
55,248480,15
55,249980,13
55,249980,8
55,244240,14
55,247280,15
55,247330,14
55,215470,15
60,245880,17
60,234970,15
60,245720,14
60,249940,11
60,249930,8
60,249940,11
60,238720,15
60,246770,16
60,241930,16
60,246090,15
60,239120,16
60,249990,10
60,225470,14
60,234230,15
60,247570,15
60,243470,16
60,249970,14
60,231120,16
60,249930,12
60,249940,10
60,240620,14
60,249930,13
60,244220,15
60,249990,9
60,249950,8
60,215980,14
60,249900,9
60,249940,12
60,245830,16
60,247630,15
65,245870,15
65,195870,15
65,223290,15
65,249950,11
65,249970,10
65,249940,13
65,241880,16
65,249480,15
65,226880,16
65,249980,12
65,236620,16
65,245920,15
65,249990,12
65,249930,10
65,249930,9
65,249970,14
65,248840,15
65,249980,14
65,249990,14
65,247630,16
65,237390,14
65,239720,14
65,239170,17
65,225870,16
65,249970,14
65,248020,17
65,226740,13
65,249990,13
65,246870,15
65,249930,10
70,249980,12
70,248630,16
70,247000,15
70,249990,13
70,249990,6
70,249970,9
70,239870,16
70,243620,14
70,248770,17
70,249950,13
70,249980,15
70,249980,14
70,219480,14
70,249990,15
70,249940,13
70,217470,15
70,230520,16
70,238080,14
70,248970,15
70,230580,15
70,249990,8
70,245470,15
70,249580,15
70,249970,12
70,246370,15
70,248890,16
70,249940,10
70,198970,14
70,175480,14
70,249990,14
75,240580,15
75,249420,16
75,247220,14
75,245970,15
75,227820,15
75,217570,15
75,249990,9
75,244720,16
75,235490,16
75,236570,14
75,249970,14
75,245980,15
75,249980,9
75,243120,15
75,246220,15
75,249990,10
75,249940,13
75,245230,15
75,248530,13
75,242370,16
75,245980,16
75,249990,11
75,249930,12
75,249990,10
75,249520,15
75,247680,14
75,249870,16
75,249930,9
75,249970,13
75,239020,15
80,231980,15
80,249990,14
80,244380,16
80,241880,16
80,249990,15
80,244230,14
80,249980,9
80,245970,15
80,249970,14
80,249920,13
80,247240,15
80,212780,13
80,247770,15
80,247100,15
80,249940,8
80,249990,10
80,249940,12
80,249980,10
80,249030,15
80,249940,12
80,248470,15
80,245280,16
80,249950,12
80,244630,15
80,238580,14
80,247870,15
80,236930,15
80,246220,14
80,237920,14
80,249590,15
85,248370,15
85,249940,10
85,246280,16
85,249950,12
85,249980,15
85,249980,13
85,245920,15
85,236170,16
85,236490,14
85,249990,9
85,249990,12
85,247580,14
85,249980,8
85,249970,14
85,248970,14
85,249990,7
85,243990,13
85,244090,14
85,247390,15
85,249980,14
85,249940,9
85,249940,10
85,242620,14
85,249990,9
85,248230,15
85,248030,16
85,249900,11
85,249940,7
85,226230,14
85,243730,15
90,249990,9
90,249940,12
90,233590,14
90,241690,13
90,241920,16
90,246230,15
90,249940,11
90,249980,11
90,249950,12
90,227090,14
90,242080,15
90,249940,11
90,249980,14
90,249840,15
90,202030,15
90,249990,10
90,249990,10
90,249950,12
90,249990,10
90,247940,15
90,249980,10
90,225280,15
90,245980,15
90,249990,12
90,246220,15
90,249770,15
90,249900,11
90,239330,14
90,244770,17
90,245880,16
95,249990,15
95,249970,13
95,240090,14
95,220230,15
95,236990,14
95,249990,11
95,231730,15
95,249940,12
95,219420,15
95,249940,11
95,249940,11
95,249990,13
95,249980,13
95,249940,11
95,227270,16
95,238620,16
95,249990,14
95,248290,16
95,249640,15
95,248870,16
95,249980,15
95,248940,14
95,248730,16
95,248370,15
95,249900,11
95,249970,13
95,248870,15
95,226380,15
95,237680,16
95,246370,15
100,248430,16
100,225580,15
100,247330,15
100,244270,16
100,249930,10
100,249930,13
100,249880,15
100,249950,11
100,228380,15
100,229120,14
100,249980,13
100,249180,14
100,249940,11
100,235480,14
100,249990,14
100,220100,15
100,249940,10
100,249990,8
100,249970,13
100,246220,15
100,222120,14
100,249900,11
100,249920,12
100,249990,8
100,249970,13
100,227380,14
100,245030,15
100,249930,10
100,249940,12
100,249940,10
5,234580,14
5,220830,13
5,201080,12
5,,
5,234940,12
5,224830,12
5,215080,14
5,213830,11
5,142400,7
5,235220,14
5,181330,11
5,248240,13
5,180830,12
5,214970,12
5,230490,9
5,214480,14
5,246200,12
5,224690,11
5,228830,13
5,241440,12
5,242570,13
5,248140,11
5,216970,14
5,242540,14
5,167680,13
5,229580,12
5,206420,11
5,247890,8
5,213130,14
5,211740,12
10,222330,12
10,216300,12
10,221080,13
10,201290,13
10,217930,13
10,202980,13
10,247290,15
10,238190,15
10,194670,13
10,231280,10
10,229230,13
10,210590,13
10,220190,13
10,167480,13
10,215070,13
10,183320,14
10,210880,13
10,231320,14
10,211200,13
10,245340,13
10,223890,14
10,234370,15
5,242940,12
5,243990,11
10,229740,13
5,232580,15
5,,
5,222830,13
5,225920,13
10,224920,13
5,237920,11
5,201380,12
5,235570,12
10,209420,13
5,244180,13
5,214370,13
5,240280,15
10,171890,12
5,186920,11
5,235170,11
5,137530,8
5,229430,11
10,225980,14
5,216580,12
5,191630,12
5,189140,12
5,243030,11
10,222490,13
5,212470,14
5,244230,12
5,238330,12
5,245140,13
10,221180,13
5,212420,13
5,227820,14
5,241600,13
5,226190,12
10,244080,13
5,248090,10
5,232690,11
15,249980,9
10,189530,12
15,222630,14
10,238790,13
10,246090,13
10,218680,12
15,249770,15
10,200790,12
10,226670,13
15,247070,13
10,193670,13
5,234820,15
5,234900,10
10,223190,13
5,232620,14
5,206830,13
5,193190,11
10,245530,13
5,216820,12
5,165290,13
5,199070,12
5,234420,12
10,221380,14
5,206290,10
5,157020,10
5,219590,12
5,163820,12
10,176280,12
5,187430,12
5,213230,13
5,249970,13
5,235140,13
5,222440,10
10,234990,12
5,221190,11
5,185530,11
5,218590,7
5,233290,12
10,235100,14
5,235190,6
5,239100,12
5,191840,11
5,230830,13
10,197490,13
5,191580,12
5,244070,12
5,209180,11
5,211980,13
10,236430,12
10,231080,13
10,214030,16
10,187230,12
10,244580,13
10,236080,15
10,205070,13
10,239870,13
10,227530,12
10,221290,14
10,225180,13
10,180380,12
10,209930,13
10,223720,15
10,211090,13
10,205580,12
10,245630,13
10,217690,12
10,229170,12
10,245180,14
10,249640,14
10,249470,14
10,244570,13
10,238250,12
10,225420,13
10,247380,14
10,207140,11
10,223440,13
10,240480,13
10,239880,16
10,239370,14
10,238820,12
10,209730,14
10,243000,14
15,231200,13
10,236330,13
10,245270,15
15,189270,12
10,242720,13
10,223720,12
15,247220,14
10,249840,15
10,234380,11
10,239670,12
15,237880,15
10,204790,12
10,177080,11
15,245680,12
10,237730,15
10,239870,14
15,209570,15
10,240230,14
15,236250,14
15,238470,15
15,247330,14
15,203190,12
15,249340,13
15,227080,14
15,176830,13
15,249930,10
15,177980,13
15,248430,14
15,249840,13
15,237740,14
15,217220,15
15,247750,13
15,244840,13
15,218670,13
15,173470,12
15,248330,14
15,238620,14
15,243840,12
15,249980,13
15,228290,14
15,241730,14
15,227830,14
15,245530,11
15,226240,14
15,248620,14
15,221970,13
15,238980,15
15,247270,15
15,246970,15
15,249370,13
15,224530,13
15,231240,14
15,245380,14
15,249200,13
20,243630,14
15,243730,14
20,236730,15
15,189630,14
15,221430,12
20,230180,14
15,239330,15
20,239180,14
20,244270,15
20,239980,15
20,249920,11
20,236680,14
20,226880,15
20,249980,16
20,207680,13
20,249990,8
20,249990,9
20,219480,14
20,249900,10
20,249080,15
20,248390,14
20,249620,14
20,247430,13
20,249930,13
20,227080,15
20,245530,14
20,215790,13
20,240970,14
20,227600,13
20,246100,14
20,245680,14
20,238430,12
20,244990,15
20,236370,17
20,222680,14
20,241380,16
20,244290,15
20,244920,14
20,246470,15
20,249920,10
20,219770,15
25,249130,14
25,249940,10
25,248820,14
25,243640,13
25,248490,15
25,226820,15
25,216630,13
25,246470,15
25,249220,14
25,245440,13
25,203970,14
25,237080,14
25,226970,14
25,212990,15
25,238240,14
25,239890,15
25,222370,15
25,249970,15
25,191570,13
25,233120,16
25,247470,15
25,242270,15
25,245030,14
25,219580,14
25,248430,13
25,240120,16
25,247340,14
25,248190,14
25,243530,13
25,248590,13
30,249930,10
30,246120,15
30,216970,14
30,249950,7
30,237090,15
30,249180,13
30,210290,14
30,249480,14
30,228230,13
30,249730,14
30,242990,13
30,209040,13
30,249380,15
30,238490,14
30,230970,13
30,224990,14
30,242520,16
30,249980,14
30,241130,13
30,249570,14
30,249490,14
30,242620,15
30,244380,16
30,224330,14
30,240870,15
30,238630,15
30,238470,15
30,231990,13
30,249740,13
30,247740,15
35,242470,15
35,247340,14
35,243980,16
35,203980,15
35,249950,12
35,248730,14
35,244280,16
35,232080,14
35,240580,14
35,241720,15
35,190930,13
35,243140,13
35,245230,13
35,248220,14
35,247320,14
35,224270,15
35,237770,17
35,240830,14
35,243870,14
35,247590,14
35,215120,14
35,248440,13
35,241490,14
35,249930,14
35,249130,14
35,241970,14
35,249950,13
35,248620,15
35,243270,17
35,247180,14
40,249930,11
40,249930,10
40,249940,11
40,249380,16
40,243870,15
40,247730,14
40,233590,12
40,212980,13
40,241430,13
40,249770,15
40,228850,13
40,242230,16
40,249470,14
40,232380,14
40,224580,14
40,247120,15
40,249950,13
40,249970,9
40,246190,12
40,238990,15
40,249930,12
40,221220,15
40,247220,14
40,236720,15
40,231470,16
40,249990,11
40,187730,14
40,229870,15
40,235390,15
40,249980,12
45,240840,14
45,249930,13
45,249990,10
45,249900,10
45,244170,14
45,243690,13
45,245740,15
45,248220,14
45,222770,15
45,245380,16
45,248520,16
45,243620,14
45,243230,14
45,242280,14
45,249930,12
45,248880,15
45,249940,12
45,246730,15
45,249980,13
45,247770,14
45,249980,11
45,238100,14
45,249580,14
45,244880,15
45,249900,8
45,246470,15
45,249950,11
45,249930,10
45,236380,15
45,248570,14
50,249930,11
50,239130,17
50,222240,15
50,230370,15
50,244680,14
50,233380,15
50,232130,15
50,247620,15
50,236730,14
50,233970,15
50,248220,15
50,221370,16
50,229980,16
50,242230,16
50,246130,14
50,245080,15
50,249970,14
50,242630,15
50,249970,14
50,249570,14
50,249580,15
50,249220,14
50,241970,15
50,249940,10
50,248240,14
50,244730,14
50,248340,13
50,249940,11
50,249980,13
50,249990,9
55,248080,14
55,222980,16
